% # columns="iteration, evaluation, min max(neg(.)) min(pos(.)) max correlation, correlation matrix principal axes lengths  (sorted square roots of eigenvalues of correlation matrix)", seed=491292, Tue Oct  3 17:46:04 2023
1 6 -0.0409794128290952 -0.0409794128290952 -0.0409794128290952 -0.0409794128290952 0.9792959650539282 1.0202839863631572
2 12 -0.0409794128290952 -0.0409794128290952 -0.0409794128290952 -0.0409794128290952 0.9792959650539282 1.0202839863631572
3 18 0.22531752331236868 0.22531752331236868 0.22531752331236868 0.22531752331236868 0.8801604834844786 1.1069406141760127
4 24 0.22531752331236868 0.22531752331236868 0.22531752331236868 0.22531752331236868 0.8801604834844786 1.1069406141760127
5 30 0.19837154969524634 0.19837154969524634 0.19837154969524634 0.19837154969524634 0.8953370596064667 1.0947015802013105
6 36 0.19837154969524634 0.19837154969524634 0.19837154969524634 0.19837154969524634 0.8953370596064667 1.0947015802013105
7 42 0.4144778679453595 0.4144778679453595 0.4144778679453595 0.4144778679453595 0.7651941793130946 1.1893182366151456
8 48 0.4144778679453595 0.4144778679453595 0.4144778679453595 0.4144778679453595 0.7651941793130946 1.1893182366151456
9 54 0.13823837274902565 0.13823837274902565 0.13823837274902565 0.13823837274902565 0.9283111694097914 1.0668825487133182
10 60 0.13823837274902565 0.13823837274902565 0.13823837274902565 0.13823837274902565 0.9283111694097914 1.0668825487133182
11 66 0.13724512505393782 0.13724512505393782 0.13724512505393782 0.13724512505393782 0.9288459909727027 1.0664169564733756
12 72 0.13724512505393782 0.13724512505393782 0.13724512505393782 0.13724512505393782 0.9288459909727027 1.0664169564733756
13 78 -0.07764754984629536 -0.07764754984629536 -0.07764754984629536 -0.07764754984629536 0.9603918211613969 1.0380980444285093
14 84 -0.07764754984629536 -0.07764754984629536 -0.07764754984629536 -0.07764754984629536 0.9603918211613969 1.0380980444285093
15 90 -0.06635543547216617 -0.06635543547216617 -0.06635543547216617 -0.06635543547216617 0.9662528470994709 1.0326448738420029
16 96 -0.06635543547216617 -0.06635543547216617 -0.06635543547216617 -0.06635543547216617 0.9662528470994709 1.0326448738420029
17 102 0.09001147852541568 0.09001147852541568 0.09001147852541568 0.09001147852541568 0.9539331850159029 1.0440361480932618
18 108 0.09001147852541568 0.09001147852541568 0.09001147852541568 0.09001147852541568 0.9539331850159029 1.0440361480932618
19 114 0.1732520339054024 0.1732520339054024 0.1732520339054024 0.1732520339054024 0.9092568207578086 1.0831675927137971
20 120 0.1732520339054024 0.1732520339054024 0.1732520339054024 0.1732520339054024 0.9092568207578086 1.0831675927137971
21 126 -0.14917625819620028 -0.14917625819620028 -0.14917625819620028 -0.14917625819620028 0.9224010742642268 1.0719963890779671
22 132 -0.14917625819620028 -0.14917625819620028 -0.14917625819620028 -0.14917625819620028 0.9224010742642268 1.0719963890779671
23 138 0.060650209232862656 0.060650209232862656 0.060650209232862656 0.060650209232862656 0.9692005936683786 1.0298787352076277
24 144 0.060650209232862656 0.060650209232862656 0.060650209232862656 0.060650209232862656 0.9692005936683786 1.0298787352076277
25 150 -0.09825841006602558 -0.09825841006602558 -0.09825841006602558 -0.09825841006602558 0.9496007529135464 1.0479782488515805
26 156 -0.09825841006602558 -0.09825841006602558 -0.09825841006602558 -0.09825841006602558 0.9496007529135464 1.0479782488515805
27 162 -0.06446606978061256 -0.06446606978061256 -0.06446606978061256 -0.06446606978061256 0.967230029630691 1.031729649559715
28 168 -0.06446606978061256 -0.06446606978061256 -0.06446606978061256 -0.06446606978061256 0.967230029630691 1.031729649559715
29 174 0.0692276691821364 0.0692276691821364 0.0692276691821364 0.0692276691821364 0.9647654278724253 1.034034655696866
30 180 0.0692276691821364 0.0692276691821364 0.0692276691821364 0.0692276691821364 0.9647654278724253 1.034034655696866
31 186 0.007614074626836852 0.007614074626836852 0.007614074626836852 0.007614074626836852 0.9961856881993252 1.003799818004983
32 192 0.007614074626836852 0.007614074626836852 0.007614074626836852 0.007614074626836852 0.9961856881993252 1.003799818004983
33 198 -0.03856080941631311 -0.03856080941631311 -0.03856080941631311 -0.03856080941631311 0.9805300559308149 1.0190980371957905
34 204 -0.03856080941631311 -0.03856080941631311 -0.03856080941631311 -0.03856080941631311 0.9805300559308149 1.0190980371957905
35 210 0.015011732029259074 0.015011732029259074 0.015011732029259074 0.015011732029259074 0.9924657515354073 1.0074779064720272
36 216 0.015011732029259074 0.015011732029259074 0.015011732029259074 0.015011732029259074 0.9924657515354073 1.0074779064720272
37 222 -0.03375963369303103 -0.03375963369303103 -0.03375963369303103 -0.03375963369303103 0.982975262306722 1.0167397079356304
38 228 -0.03375963369303103 -0.03375963369303103 -0.03375963369303103 -0.03375963369303103 0.982975262306722 1.0167397079356304
39 234 -0.39085874113598 -0.39085874113598 -0.39085874113598 -0.39085874113598 0.7804750212940962 1.179346743386346
40 240 -0.39085874113598 -0.39085874113598 -0.39085874113598 -0.39085874113598 0.7804750212940962 1.179346743386346
41 246 -0.45593434712422704 -0.45593434712422704 -0.45593434712422704 -0.45593434712422704 0.7376080618294333 1.2066210453676942
42 252 -0.45593434712422704 -0.45593434712422704 -0.45593434712422704 -0.45593434712422704 0.7376080618294333 1.2066210453676942
43 258 -0.38016653795914174 -0.38016653795914174 -0.38016653795914174 -0.38016653795914174 0.7872950285889391 1.1748048935713291
44 264 -0.38016653795914174 -0.38016653795914174 -0.38016653795914174 -0.38016653795914174 0.7872950285889391 1.1748048935713291
45 270 -0.16770121867339263 -0.16770121867339263 -0.16770121867339263 -0.16770121867339263 0.9123041057271459 1.0806022481345263
46 276 -0.16770121867339263 -0.16770121867339263 -0.16770121867339263 -0.16770121867339263 0.9123041057271459 1.0806022481345263
47 282 -0.025384977821947874 -0.025384977821947874 -0.025384977821947874 -0.025384977821947874 0.987225922561828 1.012612945711217
48 288 -0.025384977821947874 -0.025384977821947874 -0.025384977821947874 -0.025384977821947874 0.987225922561828 1.012612945711217
49 294 -0.0824204802414977 -0.0824204802414977 -0.0824204802414977 -0.0824204802414977 0.9579037111101001 1.0403943868752357
50 300 -0.0824204802414977 -0.0824204802414977 -0.0824204802414977 -0.0824204802414977 0.9579037111101001 1.0403943868752357
51 306 0.06750132563479817 0.06750132563479817 0.06750132563479817 0.06750132563479817 0.965659709403474 1.0331995575080344
52 312 0.06750132563479817 0.06750132563479817 0.06750132563479817 0.06750132563479817 0.965659709403474 1.0331995575080344
53 318 -0.12581380605732284 -0.12581380605732284 -0.12581380605732284 -0.12581380605732284 0.9349792478673936 1.0610437342811665
54 324 -0.12581380605732284 -0.12581380605732284 -0.12581380605732284 -0.12581380605732284 0.9349792478673936 1.0610437342811665
55 330 -0.1748775228501731 -0.1748775228501731 -0.1748775228501731 -0.1748775228501731 0.9083625251791416 1.083917673465182
56 336 -0.1748775228501731 -0.1748775228501731 -0.1748775228501731 -0.1748775228501731 0.9083625251791416 1.083917673465182
57 342 0.015926948331600976 0.015926948331600976 0.015926948331600976 0.015926948331600976 0.992004562322371 1.0079320157290375
58 348 0.015926948331600976 0.015926948331600976 0.015926948331600976 0.015926948331600976 0.992004562322371 1.0079320157290375
59 354 -0.31083909337601723 -0.31083909337601723 -0.31083909337601723 -0.31083909337601723 0.8301571577863935 1.1449188151899756
60 360 -0.31083909337601723 -0.31083909337601723 -0.31083909337601723 -0.31083909337601723 0.8301571577863935 1.1449188151899756
61 366 -0.363904934059342 -0.363904934059342 -0.363904934059342 -0.363904934059342 0.7975556820314542 1.167863405565626
62 372 -0.363904934059342 -0.363904934059342 -0.363904934059342 -0.363904934059342 0.7975556820314542 1.167863405565626
63 378 -0.08909745426009302 -0.08909745426009302 -0.08909745426009302 -0.08909745426009302 0.9544121466850195 1.0435983203609007
64 384 -0.08909745426009302 -0.08909745426009302 -0.08909745426009302 -0.08909745426009302 0.9544121466850195 1.0435983203609007
65 390 -0.19697793237004918 -0.19697793237004918 -0.19697793237004918 -0.19697793237004918 0.8961149857188815 1.0940648666189994
66 396 -0.19697793237004918 -0.19697793237004918 -0.19697793237004918 -0.19697793237004918 0.8961149857188815 1.0940648666189994
67 402 -0.12565467065196173 -0.12565467065196173 -0.12565467065196173 -0.12565467065196173 0.9350643450308852 1.0609687415998463
68 408 -0.12565467065196173 -0.12565467065196173 -0.12565467065196173 -0.12565467065196173 0.9350643450308852 1.0609687415998463
69 414 0.041362475632813235 0.041362475632813235 0.041362475632813235 0.041362475632813235 0.9791003648080144 1.020471692715096
70 420 0.041362475632813235 0.041362475632813235 0.041362475632813235 0.041362475632813235 0.9791003648080144 1.020471692715096
71 426 0.19052950787383027 0.19052950787383027 0.19052950787383027 0.19052950787383027 0.8997057808673731 1.0911138840074532
72 432 0.19052950787383027 0.19052950787383027 0.19052950787383027 0.19052950787383027 0.8997057808673731 1.0911138840074532
